Maatheus73,12345,Matheus H,Maatheus73,8:00 a 18:00,Gerente,gerencial
Roddigs,12345xxx,Rodrigo F,Roddigs,13:00 a 13:10
Maatheus73,12345,Matheus H,Maatheus73,8:00 a 18:00,Gerente,gerencial
Roddigs,12345xxx,Rodrigo F,Roddigs,13:00 a 13:10
